20120401
20120408
20120411
20120513
20120516
20120524
20120528
20120530
20120608
20120609
20120617
20120626
20120627
20120709
20120712
20130425
20130706
20130715
20140402
20140410
20140517
20140518
20140525
20140618
20140623
20140701
20140702
20140716
20140717
20140723
20140724
20140807
20140811
20140829
20150405
20150413
20150423
20150428
20150520
20150530
20150608
20150609
20150610
20150611
20150625
20150627
20150629
20150706
20150709
20150723
20150729
20150814
20150903
20150909
20150915
20150918
20150921
20150927
20150928
20150929
20160401
20160407
20160410
20160418
20160428
20160501
20160502
20160503
20160504
20160519
20160521
20160528
20160608
20160623
20160715
20160718
20160730
20160815
20160830
20160831
20160901
20160905
20160916
20160923
20160924
20160925